circle,album,title,vocalists,arrangers,lyricists,original_songs,track_number,event
DHS,"Search For The New Stream","Intro","",,,,1,
DHS,"Search For The New Stream","Under the cherry blossom","",,,,2,
DHS,"Search For The New Stream","Interlude","",,,,3,
DHS,"Search For The New Stream","Watch out for fire!!!","",,,,4,
DHS,"Search For The New Stream","White album","",,,,5,
DHS,"Search For The New Stream","The faith only for a weak","",,,,6,
DHS,"Search For The New Stream","Interlude2","",,,,7,
DHS,"Search For The New Stream","I'm wandering","",,,,8,
