circle,album,title,vocalists,arrangers,lyricists,original_songs,track_number,event
ChongYoke,"Not Miracle!","Not Miracle!","",,,,1,
ChongYoke,"Not Miracle!","Magian Crusaders","",,,,2,
ChongYoke,"Not Miracle!","—H‰‚Ì¶–½","",,,,3,
ChongYoke,"Not Miracle!","ˆ«—ì“]¶","",,,,4,
ChongYoke,"Not Miracle!","ƒTƒˆƒiƒ‰ƒŠƒ‹ƒ‰","",,,,5,
ChongYoke,"Not Miracle!","Not Miracle! - Instrumental",,,,,6,
