circle,album,title,vocalists,arrangers,lyricists,original_songs,track_number,event
UNVALANCE,"Dreaminess","Sheepcounting","",,,,1,
UNVALANCE,"Dreaminess","Sandgirl","",,,,2,
UNVALANCE,"Dreaminess","Melatonin","",,,,3,
UNVALANCE,"Dreaminess","Hypnotic Pendulum","",,,,4,
UNVALANCE,"Dreaminess","Chloroform","",,,,5,
UNVALANCE,"Dreaminess","Guardian of Sleep","",,,,6,
UNVALANCE,"Dreaminess","Reinventing Time","",,,,7,
