circle,album,title,vocalists,arrangers,lyricists,original_songs,track_number,event
Klang-Gear~Music lion,"“Œ•—‚©‚Î+","–Lõ‚Ì•—A—x‚é­—","",,,,1,
Klang-Gear~Music lion,"“Œ•—‚©‚Î+","“Œ‚Ì‘‚Ìƒ‚ƒ_ƒ“‚È–é","",,,,2,
Klang-Gear~Music lion,"“Œ•—‚©‚Î+","re:undo ’ë‰€","",,,,3,
Klang-Gear~Music lion,"“Œ•—‚©‚Î+","ƒ‰ƒNƒgƒK[ƒ‹ ƒ[ƒWƒFƒA","",,,,4,
Klang-Gear~Music lion,"“Œ•—‚©‚Î+","æÎ","",,,,5,
Klang-Gear~Music lion,"“Œ•—‚©‚Î+","Love East-‰ù‚©‚µ‚«“Œ•û‚ÌŒŒ-","",,,,6,
Klang-Gear~Music lion,"“Œ•—‚©‚Î+","‰I˜H‚Éç‚­","",,,,7,
Klang-Gear~Music lion,"“Œ•—‚©‚Î+","‚Ù‚¨‚¸‚«‚İ‚½‚¢‚ÉƒƒCƒ‹ƒh‚È°","",,,,8,
Klang-Gear~Music lion,"“Œ•—‚©‚Î+","¬“V‹ç Paradigm","",,,,9,
Klang-Gear~Music lion,"“Œ•—‚©‚Î+","“n‚éÒ‚Ì“râ‚¦‚½ƒƒgƒƒ|ƒŠƒX","",,,,10,
Klang-Gear~Music lion,"“Œ•—‚©‚Î+","‚³‚­‚çA‚³‚­‚çB","",,,,11,
Klang-Gear~Music lion,"“Œ•—‚©‚Î+","í¯‚È‚é–é–¾‚¯","",,,,12,
